{"nbformat":4,"nbformat_minor":0,"metadata":{"colab":{"name":"기계학습 최유경 04주차 LogisticRegression.ipynb","provenance":[],"collapsed_sections":[],"authorship_tag":"ABX9TyPnED0EiUkvD54qbRhOsdRW"},"kernelspec":{"name":"python3","display_name":"Python 3"}},"cells":[{"cell_type":"markdown","metadata":{"id":"ZVHE5oKZw8M2"},"source":[""]},{"cell_type":"markdown","metadata":{"id":"3B9dZ5f1w81L"},"source":["## 데이터 불러오기"]},{"cell_type":"code","metadata":{"id":"Edr0FOkqwsmj","executionInfo":{"status":"ok","timestamp":1614064928891,"user_tz":-540,"elapsed":1449,"user":{"displayName":"최태규","photoUrl":"","userId":"03684547219645124515"}}},"source":["import seaborn as sns"],"execution_count":1,"outputs":[]},{"cell_type":"code","metadata":{"colab":{"base_uri":"https://localhost:8080/"},"id":"xxNFhkaAxC4N","executionInfo":{"status":"ok","timestamp":1614064984759,"user_tz":-540,"elapsed":546,"user":{"displayName":"최태규","photoUrl":"","userId":"03684547219645124515"}},"outputId":"8600902e-b19d-4965-fd72-a47a0670551e"},"source":["iris = sns.load_dataset('iris')\r\n","\r\n","print(iris)\r\n","print(type(iris))\r\n","print(iris.shape)\r\n","print(iris.info())"],"execution_count":4,"outputs":[{"output_type":"stream","text":["     sepal_length  sepal_width  petal_length  petal_width    species\n","0             5.1          3.5           1.4          0.2     setosa\n","1             4.9          3.0           1.4          0.2     setosa\n","2             4.7          3.2           1.3          0.2     setosa\n","3             4.6          3.1           1.5          0.2     setosa\n","4             5.0          3.6           1.4          0.2     setosa\n","..            ...          ...           ...          ...        ...\n","145           6.7          3.0           5.2          2.3  virginica\n","146           6.3          2.5           5.0          1.9  virginica\n","147           6.5          3.0           5.2          2.0  virginica\n","148           6.2          3.4           5.4          2.3  virginica\n","149           5.9          3.0           5.1          1.8  virginica\n","\n","[150 rows x 5 columns]\n","<class 'pandas.core.frame.DataFrame'>\n","(150, 5)\n","<class 'pandas.core.frame.DataFrame'>\n","RangeIndex: 150 entries, 0 to 149\n","Data columns (total 5 columns):\n"," #   Column        Non-Null Count  Dtype  \n","---  ------        --------------  -----  \n"," 0   sepal_length  150 non-null    float64\n"," 1   sepal_width   150 non-null    float64\n"," 2   petal_length  150 non-null    float64\n"," 3   petal_width   150 non-null    float64\n"," 4   species       150 non-null    object \n","dtypes: float64(4), object(1)\n","memory usage: 6.0+ KB\n","None\n"],"name":"stdout"}]},{"cell_type":"markdown","metadata":{"id":"vmq4RzT3xZ9q"},"source":["#### x,y 데이터 나누기"]},{"cell_type":"markdown","metadata":{"id":"vZyPAFXyxjAz"},"source":[""]},{"cell_type":"code","metadata":{"id":"ldclRd02xmAx","executionInfo":{"status":"ok","timestamp":1614065077127,"user_tz":-540,"elapsed":607,"user":{"displayName":"최태규","photoUrl":"","userId":"03684547219645124515"}}},"source":["import pandas as pd"],"execution_count":5,"outputs":[]},{"cell_type":"code","metadata":{"colab":{"base_uri":"https://localhost:8080/"},"id":"cMpRO29VxJ4I","executionInfo":{"status":"ok","timestamp":1614065141637,"user_tz":-540,"elapsed":589,"user":{"displayName":"최태규","photoUrl":"","userId":"03684547219645124515"}},"outputId":"4219b481-ef01-43eb-b2a1-2de6160eb29f"},"source":["X_data = iris.iloc[:,:4]\r\n","y_data = iris.iloc[:,4]\r\n","\r\n","print(X_data)\r\n","print(type(X_data))\r\n","print(X_data.shape)\r\n","\r\n","\r\n","print(y_data)\r\n","print(type(y_data))\r\n","print(y_data.shape)"],"execution_count":6,"outputs":[{"output_type":"stream","text":["     sepal_length  sepal_width  petal_length  petal_width\n","0             5.1          3.5           1.4          0.2\n","1             4.9          3.0           1.4          0.2\n","2             4.7          3.2           1.3          0.2\n","3             4.6          3.1           1.5          0.2\n","4             5.0          3.6           1.4          0.2\n","..            ...          ...           ...          ...\n","145           6.7          3.0           5.2          2.3\n","146           6.3          2.5           5.0          1.9\n","147           6.5          3.0           5.2          2.0\n","148           6.2          3.4           5.4          2.3\n","149           5.9          3.0           5.1          1.8\n","\n","[150 rows x 4 columns]\n","<class 'pandas.core.frame.DataFrame'>\n","(150, 4)\n","0         setosa\n","1         setosa\n","2         setosa\n","3         setosa\n","4         setosa\n","         ...    \n","145    virginica\n","146    virginica\n","147    virginica\n","148    virginica\n","149    virginica\n","Name: species, Length: 150, dtype: object\n","<class 'pandas.core.series.Series'>\n","(150,)\n"],"name":"stdout"}]},{"cell_type":"markdown","metadata":{"id":"WMHA1jpZx__5"},"source":["#### 클래스 라벨 인코딩"]},{"cell_type":"code","metadata":{"colab":{"base_uri":"https://localhost:8080/"},"id":"4Qe-WrxTx4T-","executionInfo":{"status":"ok","timestamp":1614065291032,"user_tz":-540,"elapsed":615,"user":{"displayName":"최태규","photoUrl":"","userId":"03684547219645124515"}},"outputId":"c6b8493a-c3d4-46e5-e2a0-c76e77147abe"},"source":["from sklearn import preprocessing\r\n","le = preprocessing.LabelEncoder()\r\n","le.fit(y_data)\r\n","\r\n","le.classes_\r\n","\r\n","y_data = le.transform(y_data)\r\n","\r\n","print(y_data)\r\n","print(type(y_data))\r\n","print(y_data.shape)"],"execution_count":7,"outputs":[{"output_type":"stream","text":["[0 0 0 0 0 0 0 0 0 0 0 0 0 0 0 0 0 0 0 0 0 0 0 0 0 0 0 0 0 0 0 0 0 0 0 0 0\n"," 0 0 0 0 0 0 0 0 0 0 0 0 0 1 1 1 1 1 1 1 1 1 1 1 1 1 1 1 1 1 1 1 1 1 1 1 1\n"," 1 1 1 1 1 1 1 1 1 1 1 1 1 1 1 1 1 1 1 1 1 1 1 1 1 1 2 2 2 2 2 2 2 2 2 2 2\n"," 2 2 2 2 2 2 2 2 2 2 2 2 2 2 2 2 2 2 2 2 2 2 2 2 2 2 2 2 2 2 2 2 2 2 2 2 2\n"," 2 2]\n","<class 'numpy.ndarray'>\n","(150,)\n"],"name":"stdout"}]},{"cell_type":"markdown","metadata":{"id":"-8aXoSllypNy"},"source":["#### train test 셋 나누기"]},{"cell_type":"code","metadata":{"id":"HlP6bl6jycxK","executionInfo":{"status":"ok","timestamp":1614065411291,"user_tz":-540,"elapsed":560,"user":{"displayName":"최태규","photoUrl":"","userId":"03684547219645124515"}}},"source":["from sklearn.model_selection import train_test_split"],"execution_count":8,"outputs":[]},{"cell_type":"code","metadata":{"colab":{"base_uri":"https://localhost:8080/"},"id":"voeher92y6IN","executionInfo":{"status":"ok","timestamp":1614065467705,"user_tz":-540,"elapsed":583,"user":{"displayName":"최태규","photoUrl":"","userId":"03684547219645124515"}},"outputId":"6335704b-2e9f-4717-b285-f4ae061636fa"},"source":["x_train, x_test, y_train, y_test = train_test_split(\r\n","    X_data, y_data, test_size=0.33, random_state=42)\r\n","\r\n","print(x_train)\r\n","print(type(x_train))\r\n","print(x_train.shape)\r\n","print(x_test)\r\n","print(type(x_test))\r\n","print(x_test.shape)\r\n","print(y_train)\r\n","print(type(y_train))\r\n","print(y_train.shape)\r\n","print(y_test)\r\n","print(type(y_test))\r\n","print(y_test.shape)"],"execution_count":9,"outputs":[{"output_type":"stream","text":["     sepal_length  sepal_width  petal_length  petal_width\n","96            5.7          2.9           4.2          1.3\n","105           7.6          3.0           6.6          2.1\n","66            5.6          3.0           4.5          1.5\n","0             5.1          3.5           1.4          0.2\n","122           7.7          2.8           6.7          2.0\n","..            ...          ...           ...          ...\n","71            6.1          2.8           4.0          1.3\n","106           4.9          2.5           4.5          1.7\n","14            5.8          4.0           1.2          0.2\n","92            5.8          2.6           4.0          1.2\n","102           7.1          3.0           5.9          2.1\n","\n","[100 rows x 4 columns]\n","<class 'pandas.core.frame.DataFrame'>\n","(100, 4)\n","     sepal_length  sepal_width  petal_length  petal_width\n","73            6.1          2.8           4.7          1.2\n","18            5.7          3.8           1.7          0.3\n","118           7.7          2.6           6.9          2.3\n","78            6.0          2.9           4.5          1.5\n","76            6.8          2.8           4.8          1.4\n","31            5.4          3.4           1.5          0.4\n","64            5.6          2.9           3.6          1.3\n","141           6.9          3.1           5.1          2.3\n","68            6.2          2.2           4.5          1.5\n","82            5.8          2.7           3.9          1.2\n","110           6.5          3.2           5.1          2.0\n","12            4.8          3.0           1.4          0.1\n","36            5.5          3.5           1.3          0.2\n","9             4.9          3.1           1.5          0.1\n","19            5.1          3.8           1.5          0.3\n","56            6.3          3.3           4.7          1.6\n","104           6.5          3.0           5.8          2.2\n","69            5.6          2.5           3.9          1.1\n","55            5.7          2.8           4.5          1.3\n","132           6.4          2.8           5.6          2.2\n","29            4.7          3.2           1.6          0.2\n","127           6.1          3.0           4.9          1.8\n","26            5.0          3.4           1.6          0.4\n","128           6.4          2.8           5.6          2.1\n","131           7.9          3.8           6.4          2.0\n","145           6.7          3.0           5.2          2.3\n","108           6.7          2.5           5.8          1.8\n","143           6.8          3.2           5.9          2.3\n","45            4.8          3.0           1.4          0.3\n","30            4.8          3.1           1.6          0.2\n","22            4.6          3.6           1.0          0.2\n","15            5.7          4.4           1.5          0.4\n","65            6.7          3.1           4.4          1.4\n","11            4.8          3.4           1.6          0.2\n","42            4.4          3.2           1.3          0.2\n","146           6.3          2.5           5.0          1.9\n","51            6.4          3.2           4.5          1.5\n","27            5.2          3.5           1.5          0.2\n","4             5.0          3.6           1.4          0.2\n","32            5.2          4.1           1.5          0.1\n","142           5.8          2.7           5.1          1.9\n","85            6.0          3.4           4.5          1.6\n","86            6.7          3.1           4.7          1.5\n","16            5.4          3.9           1.3          0.4\n","10            5.4          3.7           1.5          0.2\n","81            5.5          2.4           3.7          1.0\n","133           6.3          2.8           5.1          1.5\n","137           6.4          3.1           5.5          1.8\n","75            6.6          3.0           4.4          1.4\n","109           7.2          3.6           6.1          2.5\n","<class 'pandas.core.frame.DataFrame'>\n","(50, 4)\n","[1 2 1 0 2 1 0 0 0 1 2 0 0 0 1 0 1 2 0 1 2 0 2 2 1 1 2 1 0 1 2 0 0 1 1 0 2\n"," 0 0 1 1 2 1 2 2 1 0 0 2 2 0 0 0 1 2 0 2 2 0 1 1 2 1 2 0 2 1 2 1 1 1 0 1 1\n"," 0 1 2 2 0 1 2 2 0 2 0 1 2 2 1 2 1 1 2 2 0 1 2 0 1 2]\n","<class 'numpy.ndarray'>\n","(100,)\n","[1 0 2 1 1 0 1 2 1 1 2 0 0 0 0 1 2 1 1 2 0 2 0 2 2 2 2 2 0 0 0 0 1 0 0 2 1\n"," 0 0 0 2 1 1 0 0 1 2 2 1 2]\n","<class 'numpy.ndarray'>\n","(50,)\n"],"name":"stdout"}]},{"cell_type":"markdown","metadata":{"id":"S9nKTJ9a0e1T"},"source":["## 로지스틱회귀 실행"]},{"cell_type":"markdown","metadata":{"id":"ha1sS63Q3TdO"},"source":["LogisticRegression(C=200, random_state=0).fit(x_train,y_train)\r\n","- C= 양의 실수값  : 정규화의 정도를 정하는 속성"]},{"cell_type":"code","metadata":{"colab":{"base_uri":"https://localhost:8080/"},"id":"qqrHHzW7zH5z","executionInfo":{"status":"ok","timestamp":1614066266725,"user_tz":-540,"elapsed":733,"user":{"displayName":"최태규","photoUrl":"","userId":"03684547219645124515"}},"outputId":"c268cd62-65e7-4391-e519-08c7c5a0d939"},"source":["from sklearn.linear_model import LogisticRegression\r\n","\r\n","clf = LogisticRegression(random_state=0).fit(x_train,y_train)\r\n","\r\n","y_train_pred = clf.predict(x_train)\r\n","y_test_pred = clf.predict(x_test)\r\n","\r\n","print(y_train_pred)\r\n","print(type(y_train_pred))\r\n","print(y_train_pred.shape)\r\n","print(y_test_pred)\r\n","print(type(y_test_pred))\r\n","print(y_test_pred.shape)\r\n","\r\n","# 여기부터는 함수 뭔지 알려고 실행 해봄\r\n","print(clf.predict_proba(x_train))\r\n","\r\n","\r\n","print(clf.score(x_train, y_train))"],"execution_count":12,"outputs":[{"output_type":"stream","text":["[1 2 1 0 2 1 0 0 0 1 2 0 0 0 1 0 1 2 0 1 2 0 2 2 1 1 2 1 0 1 2 0 0 1 2 0 2\n"," 0 0 2 1 2 2 2 2 1 0 0 2 2 0 0 0 1 2 0 2 2 0 1 1 2 1 2 0 2 1 2 1 1 1 0 1 1\n"," 0 1 2 2 0 1 2 2 0 2 0 1 2 2 1 2 1 1 2 2 0 1 1 0 1 2]\n","<class 'numpy.ndarray'>\n","(100,)\n","[1 0 2 1 1 0 1 2 1 1 2 0 0 0 0 1 2 1 1 2 0 2 0 2 2 2 2 2 0 0 0 0 1 0 0 2 1\n"," 0 0 0 2 1 1 0 0 1 2 2 1 2]\n","<class 'numpy.ndarray'>\n","(50,)\n","[[2.08764943e-02 8.96650524e-01 8.24729820e-02]\n"," [2.74653520e-07 9.45894917e-03 9.90540776e-01]\n"," [1.08392752e-02 7.42758507e-01 2.46402218e-01]\n"," [9.73437879e-01 2.65619404e-02 1.80450197e-07]\n"," [1.66920263e-07 9.67310381e-03 9.90326729e-01]\n"," [2.07738552e-02 9.47808801e-01 3.14173436e-02]\n"," [9.67597812e-01 3.24019760e-02 2.12441366e-07]\n"," [9.79733004e-01 2.02668509e-02 1.44653079e-07]\n"," [9.46378153e-01 5.36198416e-02 2.00526686e-06]\n"," [6.01682531e-02 9.28627073e-01 1.12046739e-02]\n"," [9.54482401e-04 4.15265656e-01 5.83779861e-01]\n"," [9.35172258e-01 6.48259448e-02 1.79749711e-06]\n"," [9.34126989e-01 6.58721837e-02 8.27221495e-07]\n"," [9.35107532e-01 6.48904448e-02 2.02320447e-06]\n"," [1.77224430e-02 8.93620718e-01 8.86568386e-02]\n"," [9.63303283e-01 3.66963927e-02 3.24182833e-07]\n"," [2.43970594e-02 9.11182398e-01 6.44205429e-02]\n"," [3.78426278e-07 6.73096607e-03 9.93268656e-01]\n"," [9.74700864e-01 2.52989080e-02 2.28484808e-07]\n"," [1.12557917e-02 9.05102239e-01 8.36419689e-02]\n"," [4.54037812e-04 1.96209136e-01 8.03336826e-01]\n"," [9.84034914e-01 1.59650052e-02 8.12078596e-08]\n"," [2.36104551e-03 4.49615738e-01 5.48023217e-01]\n"," [4.66570209e-04 2.08492858e-01 7.91040571e-01]\n"," [1.20337454e-02 9.63824343e-01 2.41419116e-02]\n"," [1.24576047e-02 7.23032566e-01 2.64509829e-01]\n"," [1.07201012e-04 5.78171175e-02 9.42075681e-01]\n"," [1.86141441e-02 9.19964883e-01 6.14209730e-02]\n"," [9.59581278e-01 4.04179396e-02 7.82286289e-07]\n"," [1.24060567e-01 8.69815459e-01 6.12397398e-03]\n"," [1.57276981e-04 1.76727077e-01 8.23115646e-01]\n"," [9.68959801e-01 3.10399720e-02 2.27451813e-07]\n"," [9.76867390e-01 2.31325060e-02 1.04350170e-07]\n"," [3.41344160e-02 9.42967163e-01 2.28984213e-02]\n"," [9.26604771e-04 4.73502956e-01 5.25570439e-01]\n"," [9.55578219e-01 4.44213307e-02 4.50490594e-07]\n"," [1.64362032e-04 7.11682905e-02 9.28667347e-01]\n"," [9.66128290e-01 3.38713958e-02 3.14226799e-07]\n"," [9.60392035e-01 3.96067019e-02 1.26311973e-06]\n"," [3.23001948e-03 4.43766182e-01 5.53003798e-01]\n"," [2.36263817e-01 7.60718671e-01 3.01751200e-03]\n"," [1.64874687e-05 3.83097332e-02 9.61673779e-01]\n"," [7.61199873e-04 3.80445665e-01 6.18793136e-01]\n"," [1.35802689e-04 2.31839054e-01 7.68025144e-01]\n"," [1.54142948e-06 2.07245063e-02 9.79273952e-01]\n"," [2.36618241e-02 9.16748810e-01 5.95893661e-02]\n"," [9.69298647e-01 3.07010351e-02 3.18299603e-07]\n"," [9.86756282e-01 1.32436656e-02 5.24685013e-08]\n"," [6.66019989e-04 4.86088982e-01 5.13244998e-01]\n"," [1.37515469e-05 7.07385593e-02 9.29247689e-01]\n"," [9.65030817e-01 3.49687723e-02 4.10681382e-07]\n"," [9.72967364e-01 2.70324000e-02 2.35742608e-07]\n"," [9.77815631e-01 2.21841917e-02 1.76871399e-07]\n"," [1.12912527e-03 5.93638334e-01 4.05232541e-01]\n"," [3.24594147e-05 2.95928343e-02 9.70374706e-01]\n"," [9.79702696e-01 2.02970751e-02 2.29096206e-07]\n"," [5.28791158e-05 9.10630664e-02 9.08884055e-01]\n"," [3.50337984e-06 8.57460115e-03 9.91421895e-01]\n"," [9.77692450e-01 2.23074007e-02 1.49522129e-07]\n"," [4.23197411e-03 7.44423977e-01 2.51344049e-01]\n"," [3.40893469e-03 7.77671588e-01 2.18919477e-01]\n"," [1.63024256e-03 4.67562313e-01 5.30807445e-01]\n"," [3.19884073e-03 8.24592269e-01 1.72208890e-01]\n"," [1.18611085e-04 7.79448089e-02 9.21936580e-01]\n"," [9.71876476e-01 2.81232218e-02 3.02157381e-07]\n"," [8.97851874e-05 1.20341672e-01 8.79568543e-01]\n"," [1.85666853e-02 8.64232549e-01 1.17200766e-01]\n"," [2.72133444e-04 1.89968608e-01 8.09759259e-01]\n"," [6.94376839e-02 9.23262739e-01 7.29957670e-03]\n"," [4.55957308e-02 8.89207606e-01 6.51966635e-02]\n"," [6.26117268e-03 7.88904174e-01 2.04834654e-01]\n"," [9.44422914e-01 5.55764909e-02 5.94856430e-07]\n"," [4.05394196e-03 8.58192166e-01 1.37753892e-01]\n"," [1.10744226e-02 8.70980540e-01 1.17945037e-01]\n"," [9.69727492e-01 3.02722747e-02 2.32961508e-07]\n"," [3.18302340e-02 9.01227940e-01 6.69418256e-02]\n"," [2.30652684e-06 3.50793505e-02 9.64918343e-01]\n"," [3.38505911e-05 5.68937745e-02 9.43072375e-01]\n"," [9.73319001e-01 2.66806263e-02 3.73107470e-07]\n"," [1.48044378e-01 8.45785462e-01 6.17015969e-03]\n"," [1.20312267e-05 2.17343923e-02 9.78253576e-01]\n"," [4.04082085e-05 1.67393748e-01 8.32565844e-01]\n"," [9.80298890e-01 1.97009963e-02 1.13449686e-07]\n"," [1.87882284e-05 3.44008312e-02 9.65580381e-01]\n"," [9.59254476e-01 4.07451971e-02 3.26383760e-07]\n"," [1.62960655e-03 6.79292274e-01 3.19078120e-01]\n"," [3.70504123e-06 4.60844492e-02 9.53911846e-01]\n"," [7.52605940e-05 1.13167046e-01 8.86757693e-01]\n"," [2.32039658e-02 9.10636633e-01 6.61594009e-02]\n"," [1.21636178e-04 1.54678661e-01 8.45199703e-01]\n"," [3.95858379e-03 8.87457091e-01 1.08584325e-01]\n"," [9.62509775e-03 9.13799295e-01 7.65756071e-02]\n"," [1.06021938e-03 2.36769675e-01 7.62170106e-01]\n"," [8.15062744e-04 2.69776066e-01 7.29408871e-01]\n"," [9.30518612e-01 6.94805153e-02 8.72590185e-07]\n"," [2.11336155e-02 9.35317600e-01 4.35487845e-02]\n"," [7.45638963e-03 5.44410347e-01 4.48133264e-01]\n"," [9.82919586e-01 1.70803670e-02 4.68070900e-08]\n"," [2.16989089e-02 9.37839136e-01 4.04619551e-02]\n"," [7.95987540e-06 4.10519224e-02 9.58940118e-01]]\n","0.96\n"],"name":"stdout"},{"output_type":"stream","text":["/usr/local/lib/python3.6/dist-packages/sklearn/linear_model/_logistic.py:940: ConvergenceWarning: lbfgs failed to converge (status=1):\n","STOP: TOTAL NO. of ITERATIONS REACHED LIMIT.\n","\n","Increase the number of iterations (max_iter) or scale the data as shown in:\n","    https://scikit-learn.org/stable/modules/preprocessing.html\n","Please also refer to the documentation for alternative solver options:\n","    https://scikit-learn.org/stable/modules/linear_model.html#logistic-regression\n","  extra_warning_msg=_LOGISTIC_SOLVER_CONVERGENCE_MSG)\n"],"name":"stderr"}]},{"cell_type":"markdown","metadata":{"id":"PS0MabGX1s8S"},"source":["#### 모델 정확도 평가"]},{"cell_type":"code","metadata":{"colab":{"base_uri":"https://localhost:8080/"},"id":"HVJDrbwX1Md5","executionInfo":{"status":"ok","timestamp":1614066269065,"user_tz":-540,"elapsed":675,"user":{"displayName":"최태규","photoUrl":"","userId":"03684547219645124515"}},"outputId":"d3ba8a46-4966-424e-9602-70985d45377c"},"source":["from sklearn.metrics import accuracy_score\r\n","\r\n","print(accuracy_score(y_train, y_train_pred, normalize=False)) # 정규화 않한 것\r\n","print(accuracy_score(y_test, y_test_pred)) # 정규화 디폴트 값\r\n","\r\n"],"execution_count":13,"outputs":[{"output_type":"stream","text":["96\n","1.0\n"],"name":"stdout"}]},{"cell_type":"markdown","metadata":{"id":"mi24GQQ35voG"},"source":["/////////////////////////////////////////////////////////////////////////////////////////"]},{"cell_type":"markdown","metadata":{"id":"dBY8s6fO5oEx"},"source":["#### values 함수 알아보기\r\n","- 값만 넘파이 2차원 배열로 가져온다"]},{"cell_type":"code","metadata":{"colab":{"base_uri":"https://localhost:8080/"},"id":"RhD6pRIL2Ix7","executionInfo":{"status":"ok","timestamp":1614067092802,"user_tz":-540,"elapsed":610,"user":{"displayName":"최태규","photoUrl":"","userId":"03684547219645124515"}},"outputId":"b516902c-06af-471f-b32f-d0613701494b"},"source":["x_train\r\n","print(x_train)\r\n","print(type(x_train))\r\n","print(x_train.shape)\r\n","\r\n","x_train_value = X_data.iloc[:,:4].values\r\n","print(x_train_value)\r\n","print(type(x_train_value))\r\n","print(x_train_value.shape)"],"execution_count":14,"outputs":[{"output_type":"stream","text":["     sepal_length  sepal_width  petal_length  petal_width\n","96            5.7          2.9           4.2          1.3\n","105           7.6          3.0           6.6          2.1\n","66            5.6          3.0           4.5          1.5\n","0             5.1          3.5           1.4          0.2\n","122           7.7          2.8           6.7          2.0\n","..            ...          ...           ...          ...\n","71            6.1          2.8           4.0          1.3\n","106           4.9          2.5           4.5          1.7\n","14            5.8          4.0           1.2          0.2\n","92            5.8          2.6           4.0          1.2\n","102           7.1          3.0           5.9          2.1\n","\n","[100 rows x 4 columns]\n","<class 'pandas.core.frame.DataFrame'>\n","(100, 4)\n","[[5.1 3.5 1.4 0.2]\n"," [4.9 3.  1.4 0.2]\n"," [4.7 3.2 1.3 0.2]\n"," [4.6 3.1 1.5 0.2]\n"," [5.  3.6 1.4 0.2]\n"," [5.4 3.9 1.7 0.4]\n"," [4.6 3.4 1.4 0.3]\n"," [5.  3.4 1.5 0.2]\n"," [4.4 2.9 1.4 0.2]\n"," [4.9 3.1 1.5 0.1]\n"," [5.4 3.7 1.5 0.2]\n"," [4.8 3.4 1.6 0.2]\n"," [4.8 3.  1.4 0.1]\n"," [4.3 3.  1.1 0.1]\n"," [5.8 4.  1.2 0.2]\n"," [5.7 4.4 1.5 0.4]\n"," [5.4 3.9 1.3 0.4]\n"," [5.1 3.5 1.4 0.3]\n"," [5.7 3.8 1.7 0.3]\n"," [5.1 3.8 1.5 0.3]\n"," [5.4 3.4 1.7 0.2]\n"," [5.1 3.7 1.5 0.4]\n"," [4.6 3.6 1.  0.2]\n"," [5.1 3.3 1.7 0.5]\n"," [4.8 3.4 1.9 0.2]\n"," [5.  3.  1.6 0.2]\n"," [5.  3.4 1.6 0.4]\n"," [5.2 3.5 1.5 0.2]\n"," [5.2 3.4 1.4 0.2]\n"," [4.7 3.2 1.6 0.2]\n"," [4.8 3.1 1.6 0.2]\n"," [5.4 3.4 1.5 0.4]\n"," [5.2 4.1 1.5 0.1]\n"," [5.5 4.2 1.4 0.2]\n"," [4.9 3.1 1.5 0.2]\n"," [5.  3.2 1.2 0.2]\n"," [5.5 3.5 1.3 0.2]\n"," [4.9 3.6 1.4 0.1]\n"," [4.4 3.  1.3 0.2]\n"," [5.1 3.4 1.5 0.2]\n"," [5.  3.5 1.3 0.3]\n"," [4.5 2.3 1.3 0.3]\n"," [4.4 3.2 1.3 0.2]\n"," [5.  3.5 1.6 0.6]\n"," [5.1 3.8 1.9 0.4]\n"," [4.8 3.  1.4 0.3]\n"," [5.1 3.8 1.6 0.2]\n"," [4.6 3.2 1.4 0.2]\n"," [5.3 3.7 1.5 0.2]\n"," [5.  3.3 1.4 0.2]\n"," [7.  3.2 4.7 1.4]\n"," [6.4 3.2 4.5 1.5]\n"," [6.9 3.1 4.9 1.5]\n"," [5.5 2.3 4.  1.3]\n"," [6.5 2.8 4.6 1.5]\n"," [5.7 2.8 4.5 1.3]\n"," [6.3 3.3 4.7 1.6]\n"," [4.9 2.4 3.3 1. ]\n"," [6.6 2.9 4.6 1.3]\n"," [5.2 2.7 3.9 1.4]\n"," [5.  2.  3.5 1. ]\n"," [5.9 3.  4.2 1.5]\n"," [6.  2.2 4.  1. ]\n"," [6.1 2.9 4.7 1.4]\n"," [5.6 2.9 3.6 1.3]\n"," [6.7 3.1 4.4 1.4]\n"," [5.6 3.  4.5 1.5]\n"," [5.8 2.7 4.1 1. ]\n"," [6.2 2.2 4.5 1.5]\n"," [5.6 2.5 3.9 1.1]\n"," [5.9 3.2 4.8 1.8]\n"," [6.1 2.8 4.  1.3]\n"," [6.3 2.5 4.9 1.5]\n"," [6.1 2.8 4.7 1.2]\n"," [6.4 2.9 4.3 1.3]\n"," [6.6 3.  4.4 1.4]\n"," [6.8 2.8 4.8 1.4]\n"," [6.7 3.  5.  1.7]\n"," [6.  2.9 4.5 1.5]\n"," [5.7 2.6 3.5 1. ]\n"," [5.5 2.4 3.8 1.1]\n"," [5.5 2.4 3.7 1. ]\n"," [5.8 2.7 3.9 1.2]\n"," [6.  2.7 5.1 1.6]\n"," [5.4 3.  4.5 1.5]\n"," [6.  3.4 4.5 1.6]\n"," [6.7 3.1 4.7 1.5]\n"," [6.3 2.3 4.4 1.3]\n"," [5.6 3.  4.1 1.3]\n"," [5.5 2.5 4.  1.3]\n"," [5.5 2.6 4.4 1.2]\n"," [6.1 3.  4.6 1.4]\n"," [5.8 2.6 4.  1.2]\n"," [5.  2.3 3.3 1. ]\n"," [5.6 2.7 4.2 1.3]\n"," [5.7 3.  4.2 1.2]\n"," [5.7 2.9 4.2 1.3]\n"," [6.2 2.9 4.3 1.3]\n"," [5.1 2.5 3.  1.1]\n"," [5.7 2.8 4.1 1.3]\n"," [6.3 3.3 6.  2.5]\n"," [5.8 2.7 5.1 1.9]\n"," [7.1 3.  5.9 2.1]\n"," [6.3 2.9 5.6 1.8]\n"," [6.5 3.  5.8 2.2]\n"," [7.6 3.  6.6 2.1]\n"," [4.9 2.5 4.5 1.7]\n"," [7.3 2.9 6.3 1.8]\n"," [6.7 2.5 5.8 1.8]\n"," [7.2 3.6 6.1 2.5]\n"," [6.5 3.2 5.1 2. ]\n"," [6.4 2.7 5.3 1.9]\n"," [6.8 3.  5.5 2.1]\n"," [5.7 2.5 5.  2. ]\n"," [5.8 2.8 5.1 2.4]\n"," [6.4 3.2 5.3 2.3]\n"," [6.5 3.  5.5 1.8]\n"," [7.7 3.8 6.7 2.2]\n"," [7.7 2.6 6.9 2.3]\n"," [6.  2.2 5.  1.5]\n"," [6.9 3.2 5.7 2.3]\n"," [5.6 2.8 4.9 2. ]\n"," [7.7 2.8 6.7 2. ]\n"," [6.3 2.7 4.9 1.8]\n"," [6.7 3.3 5.7 2.1]\n"," [7.2 3.2 6.  1.8]\n"," [6.2 2.8 4.8 1.8]\n"," [6.1 3.  4.9 1.8]\n"," [6.4 2.8 5.6 2.1]\n"," [7.2 3.  5.8 1.6]\n"," [7.4 2.8 6.1 1.9]\n"," [7.9 3.8 6.4 2. ]\n"," [6.4 2.8 5.6 2.2]\n"," [6.3 2.8 5.1 1.5]\n"," [6.1 2.6 5.6 1.4]\n"," [7.7 3.  6.1 2.3]\n"," [6.3 3.4 5.6 2.4]\n"," [6.4 3.1 5.5 1.8]\n"," [6.  3.  4.8 1.8]\n"," [6.9 3.1 5.4 2.1]\n"," [6.7 3.1 5.6 2.4]\n"," [6.9 3.1 5.1 2.3]\n"," [5.8 2.7 5.1 1.9]\n"," [6.8 3.2 5.9 2.3]\n"," [6.7 3.3 5.7 2.5]\n"," [6.7 3.  5.2 2.3]\n"," [6.3 2.5 5.  1.9]\n"," [6.5 3.  5.2 2. ]\n"," [6.2 3.4 5.4 2.3]\n"," [5.9 3.  5.1 1.8]]\n","<class 'numpy.ndarray'>\n","(150, 4)\n"],"name":"stdout"}]},{"cell_type":"code","metadata":{"id":"47C2C08d5UqD"},"source":[""],"execution_count":null,"outputs":[]}]}